11111111 00000000 1111111000000001
11111111 00000000 1111111000000001
11111111 00000000 1111111000000001
11111111 00000000 1111111000000001
11111111 00000000 1111111000000001
11111111 00000000 1111111000000001
11111111 00000000 1111111000000001
11111111 00000000 1111111000000001
11111111 00000000 1111111000000001
11111111 00000000 1111111000000001
11111111 00000000 1111111000000001
11111111 00000000 1111111000000001
11111111 00000000 1111111000000001
11111111 00000000 1111111000000001
11111111 00000000 1111111000000001
11111111 00000000 1111111000000001
11111111 00000000 1111111000000001
11111111 00000000 1111111000000001
11111111 00000000 1111111000000001
11111111 00000000 1111111000000001
11111111 00000000 1111111000000001
11111111 00000000 1111111000000001
11111111 00000000 1111111000000001
11111111 00000000 1111111000000001
11111111 00000000 1111111000000001
11111111 00000000 1111111000000001
11111111 00000000 1111111000000001
11111111 00000000 1111111000000001
11111111 00000000 1111111000000001
11111111 00000000 1111111000000001
11111111 00000000 1111111000000001
11111111 00000000 1111111000000001
11111111 00000000 1111111000000001
11111111 00000000 1111111000000001
11111111 00000000 1111111000000001
11111111 00000000 1111111000000001
11111111 00000000 1111111000000001
11111111 00000000 1111111000000001
11111111 00000000 1111111000000001
11111111 00000000 1111111000000001
11111111 00000000 1111111000000001
11111111 00000000 1111111000000001
11111111 00000000 1111111000000001
11111111 00000000 1111111000000001
11111111 00000000 1111111000000001
11111111 00000000 1111111000000001
11111111 00000000 1111111000000001
11111111 00000000 1111111000000001
11111111 00000000 1111111000000001
11111111 00000000 1111111000000001
11111111 00000000 1111111000000001
11111111 00000000 1111111000000001
11111111 00000000 1111111000000001
11111111 00000000 1111111000000001
11111111 00000000 1111111000000001
11111111 00000000 1111111000000001
11111111 00000000 1111111000000001
11111111 00000000 1111111000000001
11111111 00000000 1111111000000001
11111111 00000000 1111111000000001
11111111 00000000 1111111000000001
11111111 00000000 1111111000000001
