11001011 01100101 0011011111011011
00001111 11101010 0011011111011011
11001101 00111000 0011011111011011
01101111 00010101 0011011111011011
11010011 11010101 0011011111011011
01101001 10001001 0011011111011011
01000001 01101011 0011011111011011
11001111 10111100 0011011111011011
11100100 11011111 0011011111011011
10000001 00110011 0011011111011011
10101101 10011110 0011011111011011
00001110 01110001 0011011111011011
10110100 00010111 0011011111011011
00111010 11110111 0011011111011011
00011000 10010100 0011011111011011
01101010 01010101 0011011111011011
10100101 01000001 0011011111011011
01011101 11101100 0011011111011011
10111111 01111100 0011011111011011
11001100 00010110 0011011111011011
11111100 11100101 0011011111011011
11011000 01001101 0011011111011011
10001010 11001111 0011011111011011
11100001 01110100 0011011111011011
10100010 01000111 0011011111011011
01100011 00111010 0011011111011011
00001110 11111111 0011011111011011
10111000 11001100 0011011111011011
00101100 01011111 0011011111011011
01001110 11110101 0011011111011011
00011001 11001110 0011011111011011
01101010 01101000 0011011111011011
10110011 11111001 0011011111011011
11011101 00101010 0011011111011011
00100011 11000011 0011011111011011
11010001 10101110 0011011111011011
01111000 00011010 0011011111011011
10100111 00101011 0011011111011011
11100110 01101001 0011011111011011
00111001 11110000 0011011111011011
10010011 01011001 0011011111011011
11011000 10111101 0011011111011011
10000010 00001100 0011011111011011
01000100 11100000 0011011111011011
11000100 01101101 0011011111011011
01110010 00001101 0011011111011011
00111010 11010011 0011011111011011
11101111 00111100 0011011111011011
00011111 11011101 0011011111011011
10010111 01010011 0011011111011011
11100010 10101000 0011011111011011
11001110 10100100 0011011111011011
00111111 00001010 0011011111011011
01011111 10100011 0011011111011011
11101000 01001110 0011011111011011
00010010 10011100 0011011111011011
00100010 00101010 0011011111011011
10111101 00001100 0011011111011011
11011101 01101111 0011011111011011
01100011 11111010 0011011111011011
11110010 10000111 0011011111011011
10101001 00101000 0011011111011011
01100100 11110100 0011011111011011
11111100 01001100 0011011111011011